10
10
40  90   93  96    70  74  77    55 59   62
10   12  11  13    15  17  16    19  17  18
10
40  90   93  96    70  74  77    55 59   62
10   65  11  13    15  17  16    19  17  18
10
40  90   93  96    70  74  77    55 59   62
10   12  63  13    15  17  16    19  17  18
10
40  90   93  96    70  74  77    55 59   62
10   12  11  61    15  17  16    19  17  18
10
40  90   93  96    70  74  77    55 59   62
10   12  11  13    55  17  16    19  17  18
10
40  90   93  96    70  74  77    55 59   62
10   12  11  13    15  53  16    19  17  18
10
40  90   93  96    70  74  77    55 59   62
10   12  11  13    15  17  51    19  17  18
10
40  90   93  96    70  74  77    55 59   62
10   12  11  13    15  17  16    45  17  18
10
40  90   93  96    70  74  77    55 59   62
10   12  11  13    15  17  16    19  43  18
10
40  90   93  96    70  74  77    55 59   62
10   12  11  13    15  17  16    19  17  41
