10
11 1278 487
71 8 98 106 110 118 122 149 154 161 172 188 188 197 202 210 236 241 272 283 318 325 330 334 360 364 366 386 392 433 442 468 501 523 535 543 545 552 578 588 604 648 663 679 701 709 725 771 821 823 829 855 860 876 883 901 918 947 955 990 1008 1060 1105 1106 1147 1153 1162 1164 1214 1243 1269 1275
27 23 257 303 306 384 390 429 506 600 644 697 703 710 728 769 899 926 954 957 969 986 1006 1133 1162 1186 1202 1241
42 58 72 76 130 135 145 203 232 232 266 309 316 349 393 426 430 431 453 461 495 605 662 678 711 724 828 847 874 897 916 952 970 1099 1111 1133 1146 1158 1186 1189 1190 1217 1250
7 606 863 880 928 949 1001 1064
41 44 47 84 125 131 133 142 145 205 240 242 280 281 284 294 322 367 370 434 461 521 557 603 628 637 659 762 780 793 846 860 902 910 972 1011 1033 1068 1127 1218 1225 1245
11 96 206 357 400 451 653 757 760 887 1234 1263
11 6 182 466 467 599 623 645 882 1018 1126 1140
48 33 34 45 59 63 70 70 71 80 85 143 147 155 171 181 182 305 321 342 374 396 410 472 494 598 599 634 712 741 794 795 796 859 875 885 889 889 931 939 963 992 1005 1040 1051 1056 1061 1099 1204
29 24 44 125 209 216 236 270 293 300 444 452 483 526 534 579 580 627 688 717 750 866 902 1068 1079 1118 1152 1180 1183 1273
50 12 20 112 150 161 198 245 282 315 351 357 360 383 386 442 499 503 520 533 545 626 675 681 711 766 782 782 788 809 827 853 857 863 874 876 881 888 888 915 930 961 998 1006 1037 1065 1096 1146 1240 1255 1270
29 79 217 219 223 241 246 258 267 308 381 461 464 492 711 720 723 747 801 809 880 907 928 944 983 1004 1020 1066 1168 1250
12 914 468
43 30 39 51 94 99 148 210 234 239 246 247 252 268 274 275 388 409 432 468 489 497 499 542 561 571 574 575 605 632 688 760 778 783 808 825 836 857 863 867 871 907 910 911
79 3 10 25 32 34 35 35 37 54 66 67 73 83 89 89 102 103 128 138 151 179 180 180 229 235 237 237 282 307 346 359 371 396 400 405 414 451 462 466 468 469 481 504 506 522 525 532 537 540 588 595 603 609 620 635 656 664 681 697 707 719 724 753 770 782 785 802 804 818 824 830 835 837 844 847 863 868 893 912
24 47 76 91 95 105 112 146 192 225 251 323 361 364 368 388 416 435 529 542 573 614 645 683 788
22 1 8 47 63 69 103 121 169 201 252 305 398 410 445 560 617 659 686 819 850 880 907
87 8 9 25 93 101 104 107 113 114 119 122 129 132 146 147 179 201 207 208 216 218 224 229 240 246 248 249 250 254 256 260 266 268 291 329 337 338 359 365 388 402 423 430 431 453 455 459 479 480 482 486 493 505 508 520 537 561 567 588 613 633 636 642 644 651 653 707 712 714 722 724 736 740 754 768 786 803 823 839 843 845 852 857 871 885 889 905
46 41 77 88 96 139 141 222 235 298 319 323 329 356 377 399 405 456 463 463 466 469 498 520 536 539 543 549 553 558 608 625 681 710 740 757 793 798 802 841 841 862 864 873 878 891 911
18 82 107 110 122 161 216 508 552 553 581 587 605 608 650 672 674 684 891
48 109 111 118 151 170 173 187 196 204 215 288 288 296 308 386 392 398 400 429 433 441 470 500 527 531 536 541 579 590 618 628 652 657 677 696 701 708 762 774 786 788 792 811 822 822 851 854 909
32 1 5 38 50 126 129 209 236 246 256 258 260 266 268 319 358 402 408 410 415 544 575 582 584 609 741 764 779 781 793 829 834
52 9 30 53 53 61 85 97 143 155 162 179 185 232 239 245 257 304 340 371 371 372 375 421 424 426 427 462 473 505 520 562 567 578 589 606 606 631 653 659 691 728 789 789 793 799 851 858 865 886 899 906 914
30 12 19 35 41 80 117 124 150 173 255 256 266 333 348 361 394 459 486 491 518 540 552 581 597 609 611 656 701 751 803
63 8 20 49 53 64 102 139 154 168 180 237 242 246 247 257 262 266 273 284 289 296 316 334 395 403 408 421 435 457 457 459 464 496 527 554 568 590 602 645 656 661 663 685 686 697 702 704 714 721 733 738 759 767 768 775 789 812 821 822 845 863 866 895
20 1698 30
49 79 81 97 114 139 139 209 284 311 382 411 414 422 499 521 525 544 560 569 613 616 650 660 701 708 750 761 830 887 913 919 935 940 958 1036 1166 1221 1225 1232 1375 1379 1463 1502 1519 1548 1585 1604 1615 1675
86 4 4 5 23 29 30 53 63 98 109 121 142 147 158 217 228 242 249 271 290 305 350 382 419 421 434 486 544 550 551 552 569 671 694 725 768 801 803 820 877 898 922 940 940 1018 1035 1049 1071 1089 1109 1114 1149 1150 1166 1178 1213 1217 1227 1247 1250 1263 1269 1270 1271 1279 1281 1287 1294 1295 1337 1343 1360 1362 1381 1390 1428 1465 1470 1481 1495 1563 1639 1650 1661 1687 1688
96 15 20 23 27 29 37 43 66 81 91 96 102 113 120 163 167 198 198 209 210 216 222 247 249 265 277 337 341 341 369 374 442 475 487 532 558 573 581 683 693 704 727 797 807 809 828 851 874 874 890 894 928 945 1024 1032 1038 1047 1058 1107 1108 1115 1119 1128 1132 1143 1257 1263 1324 1369 1369 1379 1398 1402 1407 1408 1416 1437 1454 1457 1474 1496 1508 1513 1544 1544 1546 1568 1571 1579 1595 1601 1606 1628 1640 1644 1646
76 21 36 46 70 82 103 109 145 171 186 231 231 254 285 305 307 331 345 404 415 435 440 493 500 544 564 567 576 609 623 631 668 670 691 700 720 721 731 749 763 802 807 818 846 869 878 882 894 905 988 992 994 1000 1031 1047 1051 1116 1121 1141 1163 1231 1293 1318 1370 1380 1403 1419 1468 1485 1545 1557 1576 1592 1594 1631 1643
3 224 728 1322
85 45 67 76 102 144 208 208 210 210 216 225 245 307 324 326 351 399 408 409 412 425 455 473 475 537 549 556 568 577 587 666 683 691 723 737 738 743 774 782 793 794 795 823 823 873 951 955 960 1013 1018 1069 1093 1095 1130 1161 1162 1169 1171 1192 1192 1217 1234 1238 1249 1256 1283 1319 1364 1372 1384 1427 1430 1473 1496 1508 1551 1555 1583 1655 1657 1659 1661 1672 1686 1694
55 39 42 125 175 205 242 286 306 336 378 385 443 479 557 563 580 581 586 645 659 707 722 747 759 760 772 889 889 917 918 925 945 981 984 1012 1032 1051 1073 1139 1171 1256 1293 1327 1367 1392 1451 1499 1533 1537 1571 1623 1624 1636 1648 1650
99 1 2 24 30 49 54 61 62 75 94 107 142 144 163 208 223 223 256 258 269 280 289 298 305 310 313 323 345 349 396 423 426 427 438 439 444 452 462 475 487 493 520 537 544 566 626 700 705 715 732 743 748 749 841 842 854 892 919 928 937 938 1010 1045 1058 1092 1101 1128 1134 1156 1180 1188 1209 1210 1219 1224 1264 1289 1295 1304 1312 1371 1398 1420 1451 1490 1492 1504 1532 1559 1577 1596 1597 1621 1632 1638 1646 1656 1671 1675
85 27 28 58 64 103 105 127 131 142 174 184 223 236 269 339 347 377 416 482 530 546 549 588 608 622 626 640 671 714 721 798 802 822 824 844 867 869 908 912 948 948 949 970 970 985 1017 1033 1043 1099 1110 1116 1121 1127 1145 1148 1159 1174 1175 1195 1198 1200 1208 1253 1259 1272 1278 1283 1315 1341 1349 1356 1366 1384 1431 1441 1453 1458 1533 1552 1588 1609 1613 1640 1665 1690
71 4 7 19 88 91 113 118 135 143 161 171 178 247 299 332 355 359 385 433 434 467 499 508 588 662 677 679 699 707 719 719 743 756 787 790 800 822 833 839 839 878 882 942 963 963 975 987 1026 1065 1085 1088 1105 1135 1186 1188 1209 1255 1282 1319 1396 1405 1426 1431 1470 1518 1553 1558 1637 1646 1652 1697
79 2 29 45 160 171 205 209 222 260 261 263 305 316 342 361 366 421 427 449 454 511 517 526 539 552 558 578 588 610 636 661 683 693 767 777 796 857 872 872 909 923 944 1001 1005 1015 1025 1032 1048 1055 1055 1081 1134 1136 1158 1163 1224 1226 1266 1268 1286 1295 1342 1389 1413 1420 1426 1436 1445 1483 1492 1508 1536 1546 1614 1636 1641 1642 1686 1696
7 470 648 690 896 1404 1413 1662
0
34 93 147 226 371 440 440 530 532 563 583 708 797 803 851 895 915 936 955 1024 1070 1150 1197 1208 1234 1267 1302 1366 1420 1429 1501 1567 1622 1635 1698
52 52 202 211 225 239 241 256 275 366 407 413 447 548 612 665 675 701 704 732 849 892 914 930 934 935 961 965 1052 1057 1062 1066 1097 1143 1184 1238 1286 1311 1315 1323 1358 1371 1386 1438 1460 1534 1542 1565 1589 1591 1617 1621 1639
50 8 14 55 58 106 129 134 150 166 175 238 241 273 281 338 366 450 455 531 544 564 572 605 618 618 642 663 710 793 877 915 921 934 973 1005 1016 1069 1221 1267 1268 1278 1306 1409 1415 1473 1479 1611 1644 1687 1698
15 25 381 489 593 603 699 1011 1019 1069 1087 1147 1243 1300 1372 1379
58 9 22 54 61 62 68 143 159 184 197 201 202 272 331 364 391 413 417 440 444 506 535 546 606 624 627 659 669 688 701 713 744 827 833 883 927 938 940 945 976 979 1006 1037 1058 1088 1138 1138 1188 1323 1328 1373 1427 1429 1532 1572 1588 1594 1613
92 17 35 90 109 133 148 152 158 164 173 184 191 193 206 254 255 286 315 331 378 384 418 426 446 454 500 503 511 518 520 534 535 547 552 625 625 630 639 644 647 649 662 757 767 782 810 832 857 889 899 905 949 949 967 973 986 1038 1050 1050 1052 1066 1088 1094 1142 1151 1157 1162 1168 1199 1206 1217 1245 1252 1254 1275 1343 1357 1395 1398 1415 1430 1435 1469 1494 1510 1523 1531 1532 1565 1584 1605 1615
28 19 45 45 93 101 125 265 282 290 314 409 470 618 655 686 687 845 867 951 953 1040 1154 1196 1232 1376 1524 1580 1679
2 1767 75
63 13 46 47 51 70 94 106 128 150 245 268 269 279 285 341 346 358 369 377 402 457 490 527 547 558 573 585 588 614 651 679 708 720 726 748 758 777 808 992 1006 1020 1137 1143 1163 1201 1223 1261 1306 1383 1397 1448 1530 1545 1567 1587 1627 1643 1663 1672 1674 1703 1708 1713
7 292 498 623 777 1285 1506 1525
17 1499 119
56 3 6 105 114 125 131 154 165 167 175 229 256 313 347 348 396 442 462 533 569 574 583 720 783 787 825 829 854 858 897 903 926 948 978 1034 1055 1062 1079 1109 1134 1148 1178 1190 1226 1264 1303 1320 1324 1376 1419 1424 1450 1457 1457 1470 1490
42 61 195 227 246 345 350 381 510 534 579 675 714 727 771 786 797 827 903 935 979 980 985 999 1062 1067 1089 1120 1125 1162 1165 1178 1183 1227 1243 1293 1313 1356 1407 1437 1476 1487 1493
38 81 104 171 192 218 224 225 284 286 367 391 401 406 410 498 547 643 648 675 784 876 908 931 945 969 1018 1037 1045 1095 1146 1156 1240 1245 1304 1417 1421 1441 1442
52 24 109 111 119 152 186 224 225 248 270 279 300 328 368 431 480 483 486 503 507 510 551 560 580 590 613 621 632 649 694 719 783 803 804 842 875 953 990 1018 1049 1059 1095 1117 1157 1223 1246 1264 1310 1322 1345 1363 1477
55 18 66 91 194 207 214 316 359 369 373 385 418 439 445 687 699 708 708 721 725 748 759 808 835 840 871 897 909 919 924 924 997 1011 1053 1068 1070 1099 1143 1163 1177 1183 1205 1237 1253 1260 1276 1282 1326 1329 1356 1388 1411 1413 1437 1463
80 31 34 53 115 122 125 131 208 218 250 257 330 352 435 457 458 474 492 492 493 494 525 525 551 552 556 590 612 678 719 722 723 731 734 744 771 792 792 798 800 800 805 873 878 898 901 960 970 1001 1002 1004 1007 1017 1018 1043 1060 1091 1112 1129 1159 1176 1196 1210 1223 1237 1283 1293 1315 1333 1355 1361 1370 1385 1396 1404 1466 1467 1474 1477 1494
47 126 137 190 217 242 269 276 321 347 354 365 396 446 455 527 549 622 671 678 702 703 731 744 777 831 902 909 917 928 971 992 1053 1070 1095 1142 1144 1188 1206 1270 1280 1304 1307 1359 1369 1376 1459 1485
19 54 105 173 207 361 415 493 577 611 668 785 896 952 998 1046 1127 1265 1362 1366
1 426
100 39 47 87 87 111 113 113 136 161 212 231 249 276 302 325 334 367 403 410 412 414 431 467 469 495 507 510 563 587 606 618 620 621 672 677 685 717 723 732 806 814 843 844 854 878 881 886 892 920 922 958 966 968 996 1007 1017 1019 1022 1047 1063 1064 1064 1068 1069 1071 1077 1088 1098 1107 1147 1169 1171 1182 1197 1202 1216 1222 1224 1227 1228 1229 1234 1235 1236 1252 1255 1263 1271 1287 1291 1310 1369 1372 1380 1419 1422 1443 1451 1469 1482
99 12 25 32 34 40 42 48 49 69 89 99 99 116 189 200 205 217 218 227 229 286 290 309 312 315 323 328 339 362 364 372 390 402 416 419 442 451 454 470 470 471 474 476 481 565 591 600 622 628 640 646 663 693 697 703 734 762 803 805 823 833 866 894 897 975 982 992 1006 1040 1051 1059 1083 1090 1095 1102 1111 1119 1134 1180 1225 1252 1261 1295 1306 1309 1309 1322 1325 1328 1338 1348 1382 1387 1414 1424 1461 1476 1483 1491
48 20 78 101 123 164 189 306 371 381 446 481 502 546 583 586 596 614 624 688 733 771 779 828 890 891 964 965 989 1008 1017 1023 1095 1198 1242 1269 1279 1298 1301 1302 1324 1341 1352 1401 1414 1431 1436 1439 1443
83 8 30 38 44 60 86 94 107 155 170 184 197 210 244 255 258 311 322 326 337 403 404 406 409 409 419 431 451 461 495 538 542 550 558 571 594 612 635 658 659 674 700 724 751 764 776 783 855 860 868 888 920 940 959 1002 1016 1041 1053 1069 1117 1121 1134 1139 1140 1146 1146 1177 1183 1195 1235 1246 1268 1272 1282 1286 1298 1306 1324 1327 1330 1346 1476 1487
28 15 203 265 350 367 399 456 472 616 617 634 661 774 841 897 923 965 1018 1067 1077 1091 1131 1174 1325 1390 1416 1432 1459
68 23 46 61 68 80 81 83 203 239 262 272 276 286 290 345 373 375 396 422 442 443 444 483 495 527 530 532 554 590 594 629 651 674 702 758 774 802 819 821 904 917 955 963 996 1026 1120 1126 1129 1137 1163 1176 1185 1203 1212 1260 1266 1291 1297 1325 1344 1353 1370 1374 1378 1383 1409 1436 1461
97 4 15 26 51 60 76 76 115 123 125 135 142 146 163 219 258 260 295 301 315 327 334 342 426 429 455 509 515 521 533 534 540 572 600 604 608 632 672 674 692 692 693 694 705 705 709 714 801 810 827 835 840 848 868 877 879 887 889 932 948 985 995 1002 1009 1019 1032 1037 1046 1050 1103 1117 1122 1131 1137 1168 1221 1246 1254 1269 1280 1287 1295 1299 1311 1326 1348 1352 1381 1388 1407 1423 1445 1450 1451 1456 1472 1491
5 21 312 391 614 897
3 1066 248
61 19 23 29 58 69 94 96 115 123 126 129 149 163 164 165 180 228 228 232 232 245 251 266 282 283 295 298 305 335 346 395 408 420 456 515 525 531 535 554 555 581 616 617 677 690 695 711 741 773 801 818 842 854 882 882 900 935 951 960 992 1021
10 22 157 532 640 701 726 739 824 894 941
46 25 33 39 93 94 119 270 315 323 340 355 400 404 420 438 441 459 492 532 545 555 565 565 637 672 708 757 765 767 804 811 813 839 842 849 856 873 882 978 992 1016 1019 1029 1052 1053 1062
17 472 445
36 58 71 72 76 86 99 100 101 134 146 146 147 156 162 168 189 204 214 216 223 233 238 253 265 269 273 306 311 318 331 342 396 400 424 454 468
5 90 106 156 184 299
17 70 114 134 142 159 170 179 188 261 304 326 336 343 367 410 434 461
3 155 343 391
15 13 17 73 145 158 165 234 266 311 312 322 377 387 394 431
96 2 7 7 8 18 31 42 42 60 62 72 73 77 80 86 88 90 97 98 99 100 100 107 124 132 141 142 144 145 147 149 150 151 168 175 183 187 188 189 193 212 215 220 228 228 238 242 245 248 251 251 258 260 269 271 279 283 286 287 298 299 302 309 310 310 314 325 326 333 342 350 351 369 382 388 395 399 406 409 412 429 433 439 439 440 444 445 449 450 450 454 457 461 463 465 467
65 2 7 7 20 23 30 41 55 59 88 90 94 99 102 105 113 123 134 135 135 135 142 142 146 168 170 172 183 190 192 194 196 198 202 216 255 260 264 274 275 304 306 308 325 330 331 339 346 358 367 369 376 395 397 406 410 422 438 442 443 445 445 446 452 460
33 30 38 49 58 60 65 77 81 84 90 92 99 111 113 124 143 143 152 190 197 202 246 281 295 299 322 389 403 426 437 446 467 471
81 4 35 38 41 48 49 57 70 72 73 81 95 100 103 110 112 113 117 126 143 148 150 152 152 159 159 165 165 167 169 170 186 191 197 203 206 234 239 247 248 249 251 266 269 270 279 287 296 307 334 339 343 350 352 355 360 367 373 376 379 386 393 397 399 399 401 402 404 406 418 429 431 436 438 446 448 448 451 455 465 465
66 2 12 12 25 36 47 48 53 68 80 83 93 114 118 132 134 137 141 153 162 167 171 174 177 189 196 208 208 216 216 218 251 253 253 256 275 291 292 308 314 318 320 320 320 323 324 330 345 352 352 362 364 366 366 376 378 383 392 393 418 419 425 434 436 448 466
61 8 9 10 14 18 35 54 64 68 82 105 111 111 111 115 115 117 126 127 151 154 165 190 198 229 231 236 246 254 266 267 271 276 278 278 289 289 299 306 308 313 331 350 364 368 379 383 384 384 387 391 396 408 412 414 424 434 444 446 447 454
50 18 40 42 49 50 56 67 69 69 78 89 124 132 134 146 153 160 163 171 178 189 193 202 203 210 211 230 235 237 247 274 290 294 314 335 339 357 361 363 381 392 398 411 417 446 448 451 451 459 471
6 127 174 206 267 320 469
11 72 164 169 219 244 274 282 304 361 400 470
9 174 211 241 344 369 430 439 458 472
93 12 24 36 39 41 41 44 51 56 61 62 67 67 76 82 89 92 101 106 117 119 122 130 138 140 140 150 150 152 152 153 162 167 169 175 178 179 184 186 189 198 200 200 204 211 221 233 253 254 254 260 269 281 283 284 286 287 301 308 313 314 317 321 322 324 325 329 332 334 336 337 340 350 350 355 359 372 381 387 392 395 411 414 421 423 431 433 435 440 442 464 465 466
12 6 10 12 13 35 51 141 201 205 220 409 442
16 554 355
14 52 66 100 135 180 186 191 224 301 324 359 409 520 546
95 1 6 11 22 26 27 29 32 36 39 39 46 46 56 59 65 67 73 84 91 92 96 107 121 121 138 154 156 163 165 166 167 169 175 176 177 187 195 197 209 214 216 227 230 231 245 253 261 269 271 275 291 302 307 336 345 348 349 362 362 366 366 366 368 371 372 373 379 393 396 406 407 427 428 430 431 435 438 448 450 461 469 469 472 474 478 493 496 503 511 516 519 520 525 526
23 18 59 90 117 127 139 147 174 196 243 256 271 295 306 336 389 430 435 461 471 485 487 540
14 71 151 214 236 258 280 327 350 381 400 409 429 445 518
74 12 16 30 44 47 51 54 82 83 107 125 128 132 134 142 154 158 160 166 172 173 180 180 183 191 193 202 206 214 217 218 229 248 253 285 286 299 299 305 306 309 314 315 317 325 328 337 344 345 352 359 372 383 384 388 390 403 414 417 438 451 453 456 460 460 466 474 485 498 501 508 520 524 538
83 1 4 16 27 37 41 51 61 67 69 83 124 125 147 147 172 181 187 189 189 194 198 201 206 212 215 218 219 230 248 250 257 263 269 277 279 282 291 296 304 317 321 334 349 351 360 365 366 390 402 405 428 429 430 435 437 439 439 440 449 455 457 462 468 473 474 474 482 483 489 490 492 495 499 504 520 520 520 525 529 531 542 544
23 3 84 96 99 123 155 180 203 214 254 261 263 267 298 301 330 332 337 353 404 483 508 519
30 12 20 25 26 26 46 59 60 84 124 179 195 196 198 199 207 214 289 295 311 314 336 377 399 427 474 491 529 533 537
49 5 6 21 30 47 79 83 92 95 96 98 133 147 154 185 201 205 208 208 214 237 293 297 326 336 340 348 355 368 369 374 375 376 390 391 400 410 412 427 445 447 472 487 500 503 506 512 547 549
70 12 14 19 23 24 31 38 53 55 69 79 80 82 89 93 103 104 116 118 128 152 172 184 190 203 212 224 226 229 247 249 253 254 255 266 268 270 291 302 307 328 337 337 343 357 363 375 382 383 385 386 396 399 422 426 426 436 443 444 449 459 491 492 515 529 538 543 548 554 554
87 4 11 15 15 17 31 32 32 38 38 46 52 65 67 85 87 92 101 102 108 119 135 137 152 173 173 179 182 195 197 205 222 223 224 229 232 237 238 240 244 246 249 255 276 279 290 299 308 310 319 326 328 332 350 351 358 364 364 378 379 383 394 402 414 414 419 424 428 438 446 447 463 466 471 489 490 494 494 497 504 505 509 528 530 531 538 548
12 9 23 223 227 346 368 395 439 455 493 509 515
5 67 192 291 312 398
88 3 7 7 10 20 24 39 40 42 43 50 56 60 63 67 67 67 73 73 83 107 110 133 139 166 173 186 188 190 191 240 240 240 241 242 243 264 286 289 294 307 307 307 309 310 322 331 338 338 352 355 359 367 372 379 381 392 401 406 416 417 421 424 425 431 434 440 443 445 445 447 461 472 478 486 488 493 495 501 503 503 509 523 525 532 540 548 548
8 82 88 146 245 266 288 462 504
0
19 1646 324
84 65 66 66 69 73 118 136 145 148 157 205 215 251 300 304 329 352 364 370 370 385 400 414 457 510 520 536 554 556 581 599 606 638 641 642 643 677 702 762 770 791 796 807 861 890 963 975 1015 1022 1026 1026 1046 1057 1059 1072 1076 1080 1086 1088 1131 1133 1164 1187 1188 1191 1240 1267 1307 1309 1325 1334 1372 1422 1448 1455 1498 1517 1538 1543 1576 1598 1603 1632 1636
69 18 44 55 79 81 86 125 169 215 216 217 286 286 290 341 368 421 426 508 517 522 561 564 692 702 710 713 725 734 782 844 851 852 855 865 880 898 950 982 1027 1049 1121 1160 1191 1199 1208 1260 1261 1267 1295 1305 1306 1354 1387 1407 1433 1442 1461 1468 1513 1513 1516 1552 1555 1573 1589 1590 1623 1633
31 26 149 181 190 209 251 258 346 449 459 499 556 557 699 703 711 722 778 892 898 928 990 994 1070 1223 1233 1292 1482 1498 1639 1643
32 23 41 41 51 68 149 267 445 467 490 568 701 733 736 770 788 811 1010 1073 1158 1212 1311 1387 1393 1442 1443 1445 1484 1484 1524 1532 1584
62 5 8 56 114 130 134 183 221 234 270 287 301 320 345 352 369 385 472 483 535 551 558 640 681 718 721 735 737 739 761 788 825 831 854 902 933 936 991 993 993 1036 1067 1079 1094 1095 1103 1115 1153 1161 1170 1244 1294 1329 1336 1369 1424 1445 1487 1498 1576 1579 1592
81 16 35 42 44 60 83 125 144 147 147 168 172 213 230 237 239 245 283 287 340 353 354 364 385 393 399 459 468 477 488 526 549 601 603 667 672 677 686 689 711 730 751 785 821 845 859 867 875 877 879 881 902 913 935 977 1024 1065 1066 1075 1081 1081 1089 1106 1154 1157 1206 1249 1256 1269 1271 1288 1288 1317 1385 1390 1393 1401 1442 1455 1559 1642
99 28 61 74 83 102 119 150 162 175 216 239 244 244 267 273 287 290 320 321 324 340 383 396 415 432 453 473 525 531 537 571 574 588 597 607 614 618 651 653 662 666 713 727 728 747 751 819 847 853 856 880 914 942 943 965 985 1021 1022 1048 1052 1066 1081 1135 1148 1156 1185 1187 1188 1267 1271 1280 1287 1296 1311 1318 1351 1355 1372 1374 1410 1430 1431 1449 1455 1458 1475 1480 1487 1491 1496 1501 1503 1528 1561 1596 1596 1616 1632 1641
19 33 64 472 501 645 649 707 722 864 1059 1117 1217 1252 1292 1310 1365 1483 1487 1595
18 208 411 553 555 595 630 812 848 877 918 943 1010 1060 1272 1288 1293 1333 1447
19 54 98 109 116 283 304 406 445 455 621 651 653 686 741 833 850 1086 1113 1402
18 43 83 110 149 280 390 400 439 781 896 921 1000 1229 1274 1312 1400 1422 1604
11 57 222 238 276 340 343 435 574 923 1022 1356
30 104 142 166 249 267 272 286 294 334 398 401 448 512 559 580 810 980 988 1082 1150 1221 1273 1282 1359 1475 1500 1545 1549 1568 1593
14 21 74 235 293 342 682 807 925 953 1015 1095 1279 1601 1605
12 32 462 663 887 901 904 925 1071 1092 1156 1218 1645
47 41 68 73 87 135 140 144 175 182 236 281 281 314 344 404 447 508 510 534 586 630 681 714 798 802 868 898 933 1058 1186 1210 1251 1270 1279 1281 1324 1343 1393 1396 1407 1420 1473 1474 1480 1544 1569 1585
94 4 9 21 39 52 57 62 69 89 131 142 164 209 223 235 236 278 313 332 372 380 428 459 460 467 474 479 496 501 531 535 539 545 589 606 651 654 677 690 719 722 735 735 743 775 793 796 826 837 873 873 883 943 956 985 990 1010 1011 1015 1038 1053 1082 1099 1131 1140 1141 1142 1188 1222 1256 1299 1322 1331 1332 1342 1344 1363 1368 1405 1421 1461 1503 1505 1551 1558 1566 1568 1610 1612 1613 1623 1626 1629 1643
86 59 75 77 95 154 163 163 189 225 231 256 294 356 389 401 451 479 482 487 489 505 512 524 541 561 572 584 594 607 609 621 624 629 667 705 720 742 746 768 809 812 813 815 824 842 904 908 937 939 945 972 989 1008 1014 1033 1045 1077 1080 1106 1136 1157 1183 1231 1238 1298 1307 1310 1314 1330 1353 1387 1400 1419 1419 1485 1492 1495 1522 1526 1530 1569 1572 1599 1610 1619 1619
60 11 39 55 103 149 190 197 239 255 256 273 275 283 285 344 357 363 373 397 417 419 430 434 475 497 576 614 623 633 657 722 751 773 793 799 843 882 885 953 989 1047 1130 1166 1169 1175 1202 1234 1289 1297 1305 1412 1418 1440 1463 1538 1554 1556 1591 1613 1634
8 1111 181
19 42 83 93 101 102 277 353 383 429 550 556 574 764 878 1036 1037 1072 1082 1085
69 28 72 162 164 185 226 247 252 252 278 279 290 304 308 313 317 318 351 370 382 456 458 480 487 488 523 525 539 541 549 567 579 599 618 619 625 638 638 649 652 654 699 707 751 758 771 777 782 804 812 831 847 852 863 925 929 960 963 1019 1046 1048 1061 1066 1075 1077 1081 1098 1104 1109
61 67 70 72 74 79 87 101 135 137 146 149 159 170 177 177 206 253 296 296 330 374 387 388 427 427 493 521 531 562 570 579 593 614 645 656 663 714 724 731 740 744 758 792 793 809 812 894 924 942 955 958 968 989 996 1002 1024 1026 1027 1050 1088 1100
15 62 102 118 142 290 338 362 456 520 565 648 717 730 776 863
3 517 609 742
47 48 67 71 88 113 126 204 221 238 248 277 293 301 312 318 324 344 366 368 416 417 419 458 469 487 491 493 611 619 647 666 671 688 689 709 749 804 820 851 856 917 922 952 970 980 995 1001
11 78 247 288 320 520 537 575 637 969 994 1087
78 23 37 38 71 85 88 127 133 143 161 208 219 230 242 292 299 313 314 329 331 333 334 345 348 387 406 435 457 468 479 493 519 540 544 561 571 575 593 629 637 642 642 660 662 686 696 698 705 734 764 794 804 806 849 852 892 903 908 911 921 923 942 947 955 967 973 1000 1007 1014 1043 1050 1054 1065 1075 1075 1084 1087 1110
0
